# sasAI sample data (synthetic): uniform spheres in D2O, SANS
# q [1/A]    I(q) [1/cm]    dI [1/cm]
6.000000e-03  1.501774e+01  4.422855e-01
6.256783e-03  1.416192e+01  4.412816e-01
6.524557e-03  1.476892e+01  4.401922e-01
6.803790e-03  1.423131e+01  4.390102e-01
7.094973e-03  1.432759e+01  4.377279e-01
7.398618e-03  1.465920e+01  4.363371e-01
7.715259e-03  1.483785e+01  4.348291e-01
8.045450e-03  1.503379e+01  4.331942e-01
8.389774e-03  1.402799e+01  4.314225e-01
8.748833e-03  1.465777e+01  4.295029e-01
9.123259e-03  1.423355e+01  4.274238e-01
9.513709e-03  1.368639e+01  4.251727e-01
9.920869e-03  1.423000e+01  4.227363e-01
1.034546e-02  1.376730e+01  4.201005e-01
1.078821e-02  1.405953e+01  4.172503e-01
1.124992e-02  1.362462e+01  4.141697e-01
1.173138e-02  1.399330e+01  4.108418e-01
1.223345e-02  1.324325e+01  4.072491e-01
1.275701e-02  1.342052e+01  4.033728e-01
1.330298e-02  1.311656e+01  3.991934e-01
1.387231e-02  1.324437e+01  3.946908e-01
1.446600e-02  1.263569e+01  3.898438e-01
1.508511e-02  1.273058e+01  3.846310e-01
1.573071e-02  1.285199e+01  3.790301e-01
1.640394e-02  1.298994e+01  3.730188e-01
1.710599e-02  1.243025e+01  3.665744e-01
1.783807e-02  1.250943e+01  3.596747e-01
1.860149e-02  1.178665e+01  3.522979e-01
1.939759e-02  1.161611e+01  3.444228e-01
2.022775e-02  1.183692e+01  3.360299e-01
2.109344e-02  1.132415e+01  3.271016e-01
2.199618e-02  1.030768e+01  3.176224e-01
2.293756e-02  1.053057e+01  3.075806e-01
2.391922e-02  1.021138e+01  2.969681e-01
2.494290e-02  9.160478e+00  2.857819e-01
2.601039e-02  9.212513e+00  2.740252e-01
2.712356e-02  9.042331e+00  2.617078e-01
2.828437e-02  8.350952e+00  2.488479e-01
2.949487e-02  7.791189e+00  2.354733e-01
3.075717e-02  7.031576e+00  2.216220e-01
3.207349e-02  7.046248e+00  2.073440e-01
3.344615e-02  6.049459e+00  1.927023e-01
3.487755e-02  6.137892e+00  1.777735e-01
3.637021e-02  5.504249e+00  1.626487e-01
3.792676e-02  4.471890e+00  1.474340e-01
3.954992e-02  4.280319e+00  1.322498e-01
4.124254e-02  4.032900e+00  1.172306e-01
4.300761e-02  3.462944e+00  1.025230e-01
4.484822e-02  2.803950e+00  8.828324e-02
4.676760e-02  2.439272e+00  7.467384e-02
4.876912e-02  2.095734e+00  6.185876e-02
5.085631e-02  1.564677e+00  4.999755e-02
5.303282e-02  1.244410e+00  3.923840e-02
5.530247e-02  9.943636e-01  2.971018e-02
5.766927e-02  7.034223e-01  2.151391e-02
6.013735e-02  4.650066e-01  1.471410e-02
6.271107e-02  3.051455e-01  9.330740e-03
6.539493e-02  1.716933e-01  5.332774e-03
6.819365e-02  8.257699e-02  2.634154e-03
7.111215e-02  3.096242e-02  1.093626e-03
7.415555e-02  9.720700e-03  5.192627e-04
7.732921e-02  1.500468e-02  6.785241e-04
8.063868e-02  3.807431e-02  1.314103e-03
8.408979e-02  6.511640e-02  2.164958e-03
8.768861e-02  9.342602e-02  2.990914e-03
9.144144e-02  1.145474e-01  3.598014e-03
9.535488e-02  1.228813e-01  3.860706e-03
9.943580e-02  1.170734e-01  3.736327e-03
1.036914e-01  1.017292e-01  3.267480e-03
1.081291e-01  8.204803e-02  2.569314e-03
1.127567e-01  5.459128e-02  1.801518e-03
1.175824e-01  3.270071e-02  1.128783e-03
1.226146e-01  1.599466e-02  6.779458e-04
1.278622e-01  1.016630e-02  5.033160e-04
1.333343e-01  1.296056e-02  5.722091e-04
1.390406e-01  2.025239e-02  7.786567e-04
1.449912e-01  2.570831e-02  9.843889e-04
1.511964e-01  3.052814e-02  1.074462e-03
1.576672e-01  2.660324e-02  1.005099e-03
1.644149e-01  1.881870e-02  8.198052e-04
1.714514e-01  1.224539e-02  6.212604e-04
1.787891e-01  1.052256e-02  5.094520e-04
1.864408e-01  1.053376e-02  5.200652e-04
1.944199e-01  1.249238e-02  6.042839e-04
2.027406e-01  1.584999e-02  6.690681e-04
2.114173e-01  1.466902e-02  6.524868e-04
2.204654e-01  1.226685e-02  5.734974e-04
2.299007e-01  9.423431e-03  5.081052e-04
2.397398e-01  9.627328e-03  5.092854e-04
2.500000e-01  1.116739e-02  5.519806e-04
